,residential_price_real_2025_01,henry_hub_natural_gas_price,wti_crude_oil_price_yoy_pct,tx_nonfarm_employment_yoy_pct,tx_unemployment_rate,renewable_share,natural_gas_share
residential_price_real_2025_01,1.0,0.041053426585948266,-0.2745481384356772,0.019838201625248526,-0.16840764979426318,0.2820941005517482,0.0936903666685645
henry_hub_natural_gas_price,0.041053426585948266,1.0,0.3440932705675134,0.45665661643188654,-0.20900399557040933,0.15488180999866655,-0.1526204051249496
wti_crude_oil_price_yoy_pct,-0.2745481384356772,0.3440932705675134,1.0,0.5379501580420738,-0.10369349278410099,0.09114572921913251,-0.29644841937811445
tx_nonfarm_employment_yoy_pct,0.019838201625248526,0.45665661643188654,0.5379501580420738,1.0,-0.7058834687830624,0.07797499389408019,-0.07550500968931663
tx_unemployment_rate,-0.16840764979426318,-0.20900399557040933,-0.10369349278410099,-0.7058834687830624,1.0,-0.027490832388373913,0.013999611653340426
renewable_share,0.2820941005517482,0.15488180999866655,0.09114572921913251,0.07797499389408019,-0.027490832388373913,1.0,-0.5028515759977614
natural_gas_share,0.0936903666685645,-0.1526204051249496,-0.29644841937811445,-0.07550500968931663,0.013999611653340426,-0.5028515759977614,1.0
